正在分析，样本：2020047->2021014 共 102 期 ，各个序号出现频率最多的号码如下（前5）...
红球，序号：1,号码：01,出现次数:24 | 出现日期： 2020049 | 2020055 | 2020058 | 2020064 | 2020070 | 2020081 | 2020083 | 2020085 | 2020088 | 2020091 | 2020092 | 2020096 | 2020100 | 2020113 | 2020114 | 2020115 | 2020119 | 2020120 | 2020123 | 2020127 | 2020129 | 2020132 | 2021008 | 2021010 | 
红球，序号：1,号码：02,出现次数:19 | 出现日期： 2020052 | 2020053 | 2020056 | 2020059 | 2020066 | 2020082 | 2020086 | 2020089 | 2020090 | 2020097 | 2020106 | 2020110 | 2020112 | 2020121 | 2020134 | 2021001 | 2021004 | 2021007 | 2021009 | 
红球，序号：1,号码：03,出现次数:11 | 出现日期： 2020051 | 2020054 | 2020069 | 2020075 | 2020077 | 2020078 | 2020084 | 2020095 | 2020107 | 2020126 | 2020133 | 
红球，序号：1,号码：06,出现次数:9 | 出现日期： 2020072 | 2020098 | 2020105 | 2020109 | 2020111 | 2021002 | 2021003 | 2021006 | 2021013 | 
红球，序号：1,号码：04,出现次数:8 | 出现日期： 2020047 | 2020050 | 2020067 | 2020074 | 2020093 | 2020103 | 2020104 | 2021014 | 
红球，序号：2,号码：09,出现次数:16 | 出现日期： 2020050 | 2020060 | 2020066 | 2020069 | 2020091 | 2020095 | 2020103 | 2020107 | 2020111 | 2020112 | 2020119 | 2020130 | 2020134 | 2021003 | 2021005 | 2021013 | 
红球，序号：2,号码：04,出现次数:10 | 出现日期： 2020059 | 2020086 | 2020106 | 2020115 | 2020121 | 2020127 | 2020132 | 2021007 | 2021009 | 2021010 | 
红球，序号：2,号码：08,出现次数:9 | 出现日期： 2020052 | 2020072 | 2020074 | 2020082 | 2020097 | 2020098 | 2020104 | 2020117 | 2021006 | 
红球，序号：2,号码：15,出现次数:8 | 出现日期： 2020063 | 2020065 | 2020076 | 2020080 | 2020087 | 2020094 | 2020122 | 2021014 | 
红球，序号：2,号码：10,出现次数:7 | 出现日期： 2020047 | 2020054 | 2020077 | 2020102 | 2020128 | 2021002 | 2021011 | 
红球，序号：3,号码：11,出现次数:12 | 出现日期： 2020058 | 2020073 | 2020082 | 2020091 | 2020098 | 2020099 | 2020106 | 2020107 | 2020114 | 2020130 | 2020132 | 2021010 | 
红球，序号：3,号码：16,出现次数:10 | 出现日期： 2020063 | 2020076 | 2020077 | 2020084 | 2020089 | 2020095 | 2020109 | 2020125 | 2021003 | 2021011 | 
红球，序号：3,号码：12,出现次数:8 | 出现日期： 2020071 | 2020088 | 2020092 | 2020112 | 2020115 | 2020126 | 2021007 | 2021013 | 
红球，序号：3,号码：10,出现次数:7 | 出现日期： 2020059 | 2020069 | 2020072 | 2020093 | 2020103 | 2020104 | 2020134 | 
红球，序号：3,号码：13,出现次数:6 | 出现日期： 2020052 | 2020066 | 2020075 | 2020081 | 2021001 | 2021002 | 
红球，序号：4,号码：26,出现次数:10 | 出现日期： 2020061 | 2020068 | 2020083 | 2020088 | 2020090 | 2020096 | 2020118 | 2020125 | 2020131 | 2021005 | 
红球，序号：4,号码：20,出现次数:8 | 出现日期： 2020050 | 2020060 | 2020075 | 2020105 | 2020109 | 2020115 | 2020124 | 2020134 | 
红球，序号：4,号码：17,出现次数:7 | 出现日期： 2020059 | 2020066 | 2020082 | 2020084 | 2020095 | 2020108 | 2020112 | 
红球，序号：4,号码：23,出现次数:7 | 出现日期： 2020048 | 2020055 | 2020057 | 2020067 | 2020087 | 2020133 | 2021011 | 
红球，序号：4,号码：16,出现次数:7 | 出现日期： 2020053 | 2020078 | 2020100 | 2020104 | 2020116 | 2020128 | 2021013 | 
红球，序号：5,号码：27,出现次数:12 | 出现日期： 2020061 | 2020064 | 2020067 | 2020068 | 2020073 | 2020081 | 2020096 | 2020104 | 2020131 | 2020133 | 2021011 | 2021013 | 
红球，序号：5,号码：26,出现次数:11 | 出现日期： 2020054 | 2020056 | 2020057 | 2020062 | 2020066 | 2020097 | 2020102 | 2020122 | 2020123 | 2020127 | 2021002 | 
红球，序号：5,号码：25,出现次数:9 | 出现日期： 2020077 | 2020087 | 2020098 | 2020107 | 2020115 | 2020121 | 2021006 | 2021007 | 2021009 | 
红球，序号：5,号码：22,出现次数:9 | 出现日期： 2020059 | 2020071 | 2020079 | 2020092 | 2020105 | 2020110 | 2020113 | 2020134 | 2021003 | 
红球，序号：5,号码：30,出现次数:6 | 出现日期： 2020048 | 2020083 | 2020114 | 2020118 | 2020125 | 2021005 | 
红球，序号：6,号码：32,出现次数:19 | 出现日期： 2020047 | 2020048 | 2020057 | 2020063 | 2020064 | 2020068 | 2020078 | 2020090 | 2020096 | 2020103 | 2020108 | 2020109 | 2020112 | 2020113 | 2020114 | 2020115 | 2021002 | 2021007 | 2021009 | 
红球，序号：6,号码：33,出现次数:16 | 出现日期： 2020050 | 2020052 | 2020053 | 2020074 | 2020080 | 2020081 | 2020087 | 2020098 | 2020118 | 2020119 | 2020124 | 2020129 | 2021008 | 2021010 | 2021011 | 2021014 | 
红球，序号：6,号码：30,出现次数:12 | 出现日期： 2020055 | 2020060 | 2020067 | 2020075 | 2020082 | 2020084 | 2020088 | 2020089 | 2020097 | 2020099 | 2020101 | 2020131 | 
红球，序号：6,号码：31,出现次数:11 | 出现日期： 2020054 | 2020056 | 2020061 | 2020083 | 2020094 | 2020122 | 2020125 | 2020127 | 2021001 | 2021005 | 2021013 | 
红球，序号：6,号码：26,出现次数:9 | 出现日期： 2020058 | 2020065 | 2020069 | 2020072 | 2020095 | 2020111 | 2020128 | 2020134 | 2021006 | 
蓝球，序号：7,号码：15,出现次数:10 | 出现日期： 2020050 | 2020052 | 2020070 | 2020081 | 2020093 | 2020096 | 2020101 | 2020119 | 2020122 | 2021004 | 
蓝球，序号：7,号码：07,出现次数:9 | 出现日期： 2020058 | 2020066 | 2020084 | 2020100 | 2020117 | 2020127 | 2020131 | 2020133 | 2021008 | 
蓝球，序号：7,号码：04,出现次数:9 | 出现日期： 2020049 | 2020061 | 2020069 | 2020072 | 2020078 | 2020110 | 2020129 | 2020132 | 2021005 | 
蓝球，序号：7,号码：08,出现次数:8 | 出现日期： 2020051 | 2020060 | 2020065 | 2020067 | 2020071 | 2020094 | 2020102 | 2020103 | 
蓝球，序号：7,号码：12,出现次数:8 | 出现日期： 2020055 | 2020074 | 2020077 | 2020083 | 2020088 | 2020099 | 2020120 | 2020124 | 
